0.9474213719367981 589.9774780273438 198.13575744628906 30.1260986328125 25.385284423828125
0.9441484808921814 635.677734375 197.90225219726562 31.58001708984375 26.366500854492188
0.9413859248161316 729.6746826171875 400.69970703125 31.08636474609375 25.750579833984375
0.9385782480239868 544.5091552734375 117.61422729492188 30.80987548828125 30.056495666503906
0.9366011023521423 358.5199279785156 401.875 31.62335205078125 24.688507080078125
0.9347966313362122 590.7274169921875 400.10113525390625 31.2479248046875 26.339996337890625
0.9345347285270691 171.7255859375 401.73260498046875 29.736160278320312 27.796417236328125
0.9335749745368958 822.06640625 199.19082641601562 31.1273193359375 24.415390014648438
0.9329646825790405 683.5179443359375 400.1234130859375 31.38409423828125 24.623809814453125
0.9293693900108337 78.61201477050781 169.33853149414062 32.328590393066406 29.122604370117188
0.9272699356079102 405.3757629394531 169.38845825195312 31.31353759765625 27.235366821289062
0.9236345887184143 312.10986328125 400.8179626464844 30.94635009765625 25.615478515625
0.9227601885795593 822.4591064453125 372.3866882324219 31.32391357421875 27.9747314453125
0.9227269887924194 125.49809265136719 170.39535522460938 32.30933380126953 27.474990844726562
0.9226241707801819 405.29217529296875 195.59561157226562 31.797943115234375 25.687332153320312
0.92259681224823 683.6749267578125 373.49139404296875 30.5306396484375 28.767852783203125
0.9203937649726868 730.0067138671875 373.21807861328125 30.181640625 28.5494384765625
0.9199318885803223 822.0222778320312 172.19142150878906 32.11474609375 27.949127197265625
0.9194672703742981 683.740966796875 426.03253173828125 31.57977294921875 27.9844970703125
0.9177952408790588 78.39937591552734 402.43084716796875 32.49533462524414 25.923553466796875
0.9155105352401733 172.4656982421875 373.848876953125 29.284408569335938 27.269073486328125
0.9131736755371094 172.9830322265625 169.4105682373047 31.176239013671875 28.03912353515625
0.9120239019393921 359.1375732421875 169.4131622314453 30.542694091796875 29.253753662109375
0.9116833209991455 498.79595947265625 144.2203369140625 30.286102294921875 29.09234619140625
0.9111195802688599 635.5269775390625 171.02000427246094 29.93328857421875 27.08892822265625
0.9104074239730835 312.5774841308594 373.09661865234375 30.66607666015625 29.910797119140625
0.9102438688278198 405.4850158691406 373.42401123046875 31.8201904296875 28.804412841796875
0.909895122051239 266.3707275390625 221.70005798339844 30.796493530273438 27.37518310546875
0.9085139036178589 265.93634033203125 400.59552001953125 30.051467895507812 26.474822998046875
0.9084502458572388 171.01519775390625 428.082763671875 29.7723388671875 24.782257080078125
0.9070205092430115 822.3421020507812 425.392822265625 31.7216796875 27.680572509765625
0.9067487120628357 265.80328369140625 170.42642211914062 30.121917724609375 26.525543212890625
0.90645831823349 740.8844604492188 197.6903076171875 19.789794921875 20.053390502929688
0.9057243466377258 312.5308837890625 168.72193908691406 29.608856201171875 27.423858642578125
0.9056644439697266 774.8114624023438 372.63189697265625 30.2567138671875 28.157684326171875
0.9044227004051208 775.0040283203125 399.0965576171875 29.86981201171875 24.82275390625
0.9037802219390869 311.78131103515625 427.142333984375 31.612701416015625 28.38507080078125
0.9034458994865417 78.86052703857422 222.71148681640625 31.208145141601562 27.308914184570312
0.9011062383651733 544.4820556640625 171.50115966796875 29.4429931640625 24.412429809570312
0.9010244607925415 590.7974853515625 372.645263671875 30.95233154296875 27.464111328125
0.8999853730201721 171.9049072265625 222.50436401367188 30.945175170898438 26.488723754882812
0.8992763161659241 357.98388671875 373.4486389160156 31.426239013671875 31.8941650390625
0.8988491892814636 590.3389892578125 426.85980224609375 31.95758056640625 27.154937744140625
0.898156464099884 219.0194091796875 170.44940185546875 30.314407348632812 26.308975219726562
0.8979086875915527 358.8577575683594 195.88357543945312 30.54937744140625 23.951828002929688
0.8976966738700867 265.51507568359375 372.4539794921875 31.1956787109375 28.445404052734375
0.8975391387939453 78.19412231445312 374.46368408203125 31.843589782714844 29.273590087890625
0.8965210914611816 637.0134887695312 372.95733642578125 31.4969482421875 29.26983642578125
0.8963137865066528 218.48690795898438 373.0442810058594 31.206497192382812 28.28656005859375
0.8962927460670471 544.0321044921875 197.58279418945312 30.61090087890625 26.709228515625
0.8960179686546326 822.5341796875 399.25750732421875 31.26025390625 25.271636962890625
0.8954444527626038 729.5587158203125 426.9693603515625 31.01239013671875 27.031097412109375
0.8954291939735413 834.2967529296875 296.9689025878906 20.380126953125 20.5198974609375
0.8953595757484436 683.66552734375 223.4639892578125 34.3839111328125 29.962677001953125
0.8947734236717224 404.3370361328125 426.46844482421875 33.9544677734375 28.011688232421875
0.8942983746528625 404.8599853515625 400.5181884765625 32.372589111328125 25.169158935546875
0.8928432464599609 218.95913696289062 195.38621520996094 30.461837768554688 22.31048583984375
0.8923607468605042 451.34002685546875 295.64447021484375 35.5052490234375 26.37396240234375
0.8919999003410339 718.0780029296875 197.56065368652344 19.77142333984375 20.73046875
0.8910059332847595 78.44091033935547 196.33294677734375 30.779766082763672 24.849624633789062
0.8881593942642212 218.95472717285156 428.05291748046875 31.659515380859375 29.63494873046875
0.8879274725914001 312.3047790527344 195.02108764648438 29.0362548828125 26.067581176757812
0.8867059350013733 635.528076171875 224.9805145263672 31.5223388671875 27.828460693359375
0.8866885900497437 207.27001953125 247.9262237548828 21.037612915039062 21.601043701171875
0.8863129019737244 207.2216796875 271.68060302734375 20.116134643554688 19.188629150390625
0.8855746984481812 785.912109375 197.79974365234375 23.000732421875 21.361801147460938
0.8846624493598938 78.79373931884766 428.7093811035156 32.320037841796875 25.89898681640625
0.8828042149543762 359.24188232421875 221.88589477539062 32.28997802734375 27.933853149414062
0.881853461265564 590.0882568359375 170.886962890625 30.40240478515625 27.742172241210938
0.8811577558517456 451.10162353515625 269.27978515625 37.88568115234375 26.729736328125
0.8807607889175415 125.16302490234375 196.80715942382812 31.63182830810547 25.099899291992188
0.8802164793014526 172.06671142578125 196.30718994140625 31.778121948242188 26.176773071289062
0.8789168000221252 358.6922302246094 427.9234619140625 31.26416015625 27.816192626953125
0.8775069713592529 637.3773193359375 427.19720458984375 31.23016357421875 31.413421630859375
0.8771102428436279 498.29083251953125 171.44375610351562 29.510650634765625 24.353683471679688
0.8767362236976624 230.48089599609375 272.225830078125 18.794082641601562 19.7684326171875
0.8749868869781494 311.82098388671875 222.69461059570312 31.032684326171875 29.772140502929688
0.8739743828773499 265.7843322753906 196.1884765625 30.28509521484375 24.277511596679688
0.8725139498710632 775.3818359375 425.06402587890625 30.26544189453125 27.305572509765625
0.8716897964477539 253.5589141845703 474.80126953125 21.200958251953125 19.868255615234375
0.8688971996307373 765.9138793945312 500.48455810546875 21.796875 21.615936279296875
0.8682003021240234 137.18402099609375 400.1558837890625 22.35631561279297 22.523162841796875
0.8676047921180725 811.7470703125 297.74627685546875 20.790283203125 21.197113037109375
0.8657155632972717 219.34564208984375 400.70263671875 30.4830322265625 26.003204345703125
0.863156259059906 589.7220458984375 223.74691772460938 30.9136962890625 26.259628295898438
0.8630239367485046 693.1754150390625 250.30506896972656 20.21466064453125 20.894378662109375
0.8622632026672363 114.41163635253906 399.99896240234375 21.430747985839844 22.086639404296875
0.8616197109222412 277.6212158203125 475.49420166015625 19.674957275390625 19.991241455078125
0.8604320287704468 834.0072021484375 322.3353271484375 20.35113525390625 19.298919677734375
0.8578301072120667 813.8624267578125 526.0916748046875 20.06463623046875 20.62786865234375
0.8566203117370605 682.58642578125 171.63905334472656 30.26080322265625 27.426177978515625
0.8559517860412598 578.54296875 271.93023681640625 18.6773681640625 18.85980224609375
0.8557083010673523 765.34228515625 525.5040893554688 20.9454345703125 20.928955078125
0.8504303693771362 218.76837158203125 221.14151000976562 31.61981201171875 28.284225463867188
0.8490215539932251 125.2907485961914 222.51950073242188 31.063308715820312 26.060897827148438
0.8478968143463135 254.18780517578125 451.84503173828125 19.426162719726562 20.089263916015625
0.8441288471221924 578.97802734375 248.63034057617188 17.8995361328125 20.574462890625
0.8413021564483643 822.2578125 223.61033630371094 31.7044677734375 24.57684326171875
0.8412253856658936 137.012939453125 374.15631103515625 22.376205444335938 21.094085693359375
0.8410677909851074 740.32177734375 221.79742431640625 20.7333984375 19.662521362304688
0.8401492238044739 392.992431640625 500.41961669921875 22.971038818359375 22.873626708984375
0.8394472599029541 265.78253173828125 426.276123046875 30.577774047851562 26.279052734375
0.8368532657623291 835.7103271484375 526.1197509765625 19.77593994140625 21.16326904296875
0.8322043418884277 601.768798828125 272.73687744140625 19.59576416015625 20.099578857421875
0.8307145833969116 787.9494018554688 525.99169921875 18.7904052734375 20.27374267578125
0.828324019908905 416.192626953125 525.307861328125 19.773956298828125 21.39520263671875
0.8270200490951538 416.58575439453125 552.880859375 21.14111328125 23.53900146484375
0.8257360458374023 544.701171875 145.5433349609375 30.70648193359375 26.389419555664062
0.8248599767684937 277.88653564453125 451.8838806152344 19.304351806640625 18.96343994140625
0.824402928352356 136.34487915039062 323.4073486328125 20.900955200195312 21.010650634765625
0.8187681436538696 393.25946044921875 525.9130859375 22.16510009765625 22.0087890625
0.8153038024902344 498.393798828125 222.10284423828125 29.448822021484375 23.649139404296875
0.8149722814559937 601.739501953125 248.60342407226562 20.32415771484375 21.426010131835938
0.8141990303993225 114.42652893066406 321.8226318359375 19.55103302001953 19.877716064453125
0.8084601759910583 810.9481201171875 248.14767456054688 20.81927490234375 21.181564331054688
0.8080271482467651 765.3294067382812 475.4280090332031 20.5255126953125 20.3775634765625
0.8075171709060669 717.4842529296875 170.99200439453125 20.518798828125 20.825057983398438
0.8068236708641052 136.7049102783203 427.3266906738281 20.181434631347656 22.11334228515625
0.8063304424285889 136.9858856201172 451.45928955078125 20.38616943359375 22.057464599609375
0.8058818578720093 498.16033935546875 196.55252075195312 30.488433837890625 25.438400268554688
0.8056656718254089 692.98876953125 272.3976745605469 20.6104736328125 21.2408447265625
0.8053098917007446 814.0444946289062 551.9656982421875 20.7247314453125 21.53521728515625
0.8046159148216248 115.02234649658203 298.03594970703125 20.001083374023438 22.61602783203125
0.8030507564544678 765.6456298828125 550.8010864257812 20.76104736328125 20.060302734375
0.8020365834236145 451.6554870605469 144.16746520996094 39.82391357421875 24.831207275390625
0.8000839948654175 811.1387939453125 272.3807373046875 21.5213623046875 22.7525634765625
0.7996261715888977 113.65270233154297 348.8041076660156 18.965667724609375 20.71826171875
0.7982606291770935 834.3580322265625 500.39178466796875 19.821044921875 22.149658203125
0.7978894710540771 114.65084838867188 271.9595642089844 20.094146728515625 21.1134033203125
0.7978465557098389 451.60491943359375 319.6866149902344 30.524505615234375 21.91180419921875
0.7970811724662781 230.5343017578125 246.78472900390625 16.306076049804688 18.94189453125
0.7958908081054688 114.36116027832031 427.54205322265625 21.264923095703125 22.859130859375
0.7930269837379456 393.63018798828125 552.5694580078125 20.542816162109375 23.8319091796875
0.7909243106842041 812.8074951171875 451.4132080078125 20.1328125 20.577911376953125
0.7905834317207336 764.8794555664062 451.5639953613281 19.2738037109375 20.59637451171875
0.7886949181556702 452.0460205078125 224.85202026367188 42.5703125 21.30584716796875
0.7867920994758606 786.340576171875 451.4334411621094 17.88330078125 20.92706298828125
0.7844222187995911 452.50628662109375 104.13311767578125 38.75408935546875 23.710472106933594
0.7835182547569275 114.46986389160156 247.04502868652344 19.494232177734375 19.462677001953125
0.7834718227386475 452.3817443847656 206.26187133789062 38.999755859375 20.15338134765625
0.7814300656318665 787.201171875 171.74484252929688 18.86798095703125 19.920989990234375
0.7803610563278198 408.2982177734375 221.75473022460938 24.192047119140625 22.236831665039062
0.7783239483833313 88.50483703613281 526.98779296875 25.452194213867188 22.05511474609375
0.7775551080703735 415.5303955078125 452.3138122558594 19.084869384765625 20.742431640625
0.776672899723053 88.88860321044922 474.90618896484375 23.151611328125 22.547210693359375
0.7721654772758484 114.35376739501953 451.37548828125 19.72955322265625 19.804840087890625
0.7707927227020264 393.47564697265625 452.2087097167969 18.667816162109375 21.13006591796875
0.7675308585166931 833.69384765625 451.6884765625 18.63140869140625 20.270294189453125
0.7668048143386841 813.3087158203125 499.19287109375 20.01568603515625 20.79351806640625
0.764541745185852 451.971923828125 124.18522644042969 38.792816162109375 17.193641662597656
0.7638133764266968 833.6605834960938 248.7862091064453 19.2830810546875 20.766571044921875
0.7579761147499084 833.522216796875 272.7191467285156 19.38983154296875 20.089599609375
0.7578815221786499 137.04689025878906 272.03350830078125 19.279029846191406 22.286102294921875
0.7573146224021912 812.845947265625 475.5885314941406 19.78619384765625 19.4749755859375
0.7561981081962585 786.947265625 475.9147644042969 17.42779541015625 19.36358642578125
0.7554178237915039 393.4266662597656 475.7137451171875 21.18157958984375 20.17022705078125
0.7540944218635559 416.691162109375 475.28192138671875 18.48297119140625 18.866851806640625
0.7502424120903015 114.1314468383789 373.71270751953125 19.094879150390625 20.482818603515625
0.7477936744689941 370.01318359375 248.40843200683594 18.5833740234375 21.257171630859375
0.7413788437843323 453.30877685546875 82.42399597167969 40.131317138671875 22.32520294189453
0.7401815056800842 834.0106201171875 475.0579833984375 18.92547607421875 20.039215087890625
0.7366330027580261 369.965087890625 272.26025390625 20.993682861328125 23.608612060546875
0.7293817400932312 368.5908203125 474.94476318359375 20.593353271484375 20.347198486328125
0.7235107421875 88.91986083984375 452.7084655761719 19.345123291015625 19.1690673828125
0.71742844581604 134.84963989257812 348.3471984863281 18.036697387695312 20.30706787109375
0.7147171497344971 452.189697265625 184.54490661621094 39.54168701171875 24.18768310546875
0.7103761434555054 764.3787841796875 171.47613525390625 18.08587646484375 20.154556274414062
0.7064719200134277 740.53955078125 171.31863403320312 20.35150146484375 20.97607421875
0.7048238515853882 836.4046630859375 550.931396484375 18.9320068359375 21.84381103515625
0.7044853568077087 137.79568481445312 248.59756469726562 16.998489379882812 19.532241821289062
0.6992166042327881 452.02301025390625 164.2464599609375 40.323333740234375 17.360916137695312
0.64357990026474 368.5143127441406 452.709228515625 18.83843994140625 19.4483642578125
0.32417866587638855 363.61968994140625 453.12774658203125 23.9599609375 20.6483154296875
